2018-11-08
0
0
0
